ant -f C:\\Users\\Pra.Natalina\\Documents\\GitHub\\Common-Due-Date-Scheduling -Dnb.internal.action.name=run run
init:
Deleting: C:\Users\Pra.Natalina\Documents\GitHub\Common-Due-Date-Scheduling\build\built-jar.properties
deps-jar:
Updating property file: C:\Users\Pra.Natalina\Documents\GitHub\Common-Due-Date-Scheduling\build\built-jar.properties
Compiling 1 source file to C:\Users\Pra.Natalina\Documents\GitHub\Common-Due-Date-Scheduling\build\classes
warning: [options] bootstrap class path not set in conjunction with -source 1.7
1 warning
compile:
run:

Fitness Average Tables
Size\H;0.2; 0.4; 0.6; 0.8;Total;
10;1699.7;1080.7;766.1;781.2;1081.925;
20;6314.0;3693.3;2846.0;2882.7;3934.0;
50;36807.3;21136.8;16011.0;17096.7;22762.95;
100;138363.2;80895.8;65717.3;72793.9;89442.54999999999;
200;536586.2;312481.2;258723.5;296452.9;351060.94999999995;
500;3327236.5;1910515.2;1605647.4;1881089.1;2181122.05;
1000;1.32447293E7;7631134.1;6264777.1;7357343.4;8624495.975;
Total;2470248.0285714283;1422991.0142857141;1173498.3428571427;1375491.4142857143;


Differences Average Tables
Size\H;0.2; 0.4; 0.6; 0.8;Total;
10;1.0615160676918005;14.22567134174102;4.3024285658737975;9.689225844597729;7.319710454976087;
20;-1.837406768132985;0.29902513570743466;0.5623912657489614;5.300140133107105;1.081037441607629;
50;-2.0976143713418822;-1.3585457346305276;0.4056832333339514;7.582253270809581;1.1329440995427804;
100;-1.9855591105296924;-1.538026013514455;1.0054223456527496;11.984162284253845;2.3664998764656118;
200;-1.2891606501025223;-0.8746269200574031;0.8498021496516355;15.646603529571658;3.583154527265842;
500;-0.6097031972455865;-0.36104603660552775;1.326506806074168;18.70323954754404;4.764749279941774;
1000;-0.4041065357786625;-0.2651763227899632;1.0253338170358595;18.669250115890378;4.756325268589403;
Total;-1.02314779506279;1.4467536356929394;1.3539383119101605;12.510696389396333;

Overall Average=3.5720601354841626
Overall Average=3.572060135484161
N;Total
10;44ms;
20;54ms;
50;144ms;
100;271ms;
200;975ms;
500;6780ms;
1000;33985ms;
Total time 42253ms
CONSTRUÍDO COM SUCESSO (tempo total: 45 segundos)


Fitness Average Tables
Size\H;0.2; 0.4; 0.6; 0.8;Total;
10;1699.7;1080.7;766.1;781.2;1081.925;
20;6314.0;3693.3;2846.0;2882.7;3934.0;
50;36807.3;21136.8;16011.0;17096.7;22762.95;
100;138363.2;80895.8;65717.3;72793.9;89442.54999999999;
200;536586.2;312481.2;258723.5;296452.9;351060.94999999995;
500;3327236.5;1910515.2;1605647.4;1881089.1;2181122.05;
1000;1.32447293E7;7631134.1;6264777.1;7357343.4;8624495.975;
Total;2470248.0285714283;1422991.0142857141;1173498.3428571427;1375491.4142857143;


Differences Average Tables
Size\H;0.2; 0.4; 0.6; 0.8;Total;
10;-3.8625191923334214;-9.027583159980207;-4.15488899674632;-11.201472128915983;-7.061615869493982;
20;-1.1655047007320896;-1.6162107287297112;-3.1188944195014683;-15.266753207272908;-5.291840764059044;
50;-2.904515301655247;-2.216602314149108;-1.802913426097133;-8.960949905521812;-3.971245236855825;
100;-2.861504083788218;-1.61589298213445;-1.4322906031399496;-5.786516283689326;-2.924050988187986;
200;-1.7002106557273187;-1.2626802734257097;-0.8056213645282378;-3.829335546318093;-1.8994619599998397;
500;-0.8962985723159802;-0.6940635177881427;-0.6692367263991128;-1.3757428576160535;-0.9088354185298223;
1000;-0.5215160232883901;-0.4501953880192275;-0.4027821700617519;-1.2087963425751886;-0.6458224809861395;
Total;-1.9874383614058093;-2.4118897663180796;-1.7695182437819958;-6.804223753129909;

Overall Average=-3.2432675311589465
Overall Average=-3.2432675311589483