run:
bench/bench10.csv
bench/bench20.csv
bench/bench50.csv
bench/bench100.csv
bench/bench200.csv
bench/bench500.csv
bench/bench1000.csv

Fitness Average Tables
Size\H;0.2; 0.4; 0.6; 0.8;Total;
10;1767.6;1034.3;778.9;740.5;1080.3249999999998;
20;6400.2;3720.0;2883.9;2846.1;3962.55;
50;37885.1;21611.4;16071.3;16337.7;22976.375;
100;141263.2;82130.1;65148.7;66535.3;88769.325;
200;545358.7;315336.5;257746.4;262105.9;345136.87499999994;
500;3349419.0;1918336.3;1595064.2;1635505.9;2124581.35;
1000;1.33074236E7;7656347.6;6247598.3;6345065.3;8389108.7;
Total;2484216.771428571;1428359.4571428571;1169327.3857142855;1189876.6714285712;


Differences Average Tables
Size\H;0.2; 0.4; 0.6; 0.8;Total;
10;5.236355372154217;7.157335292908146;7.4903043891643435;4.209052571334953;6.023261906390416;
20;-0.6717865258189548;1.3158117728438514;2.231414936219985;4.723825605461499;1.8998164471765953;
50;0.8485458165833842;0.9148013743498689;0.7830136614196627;2.8562863385878687;1.3506617977351962;
100;0.035376112333052157;-0.08057214732081927;0.18870886098601797;2.2172680432221634;0.5901952173051036;
200;0.32915717883009976;0.009728091386571259;0.44153203259749246;2.1771359555687804;0.739388314595736;
500;0.030816080475680307;0.048202038291781005;0.6543193952886283;3.2140583387139827;0.9868489631925181;
1000;0.06619828849277684;0.06701558020550281;0.7427059244955819;2.3297668964772433;0.8014216724177763;
Total;0.8392374747214653;1.347474571809272;1.7902856000245302;3.1039133927666414;

Overall Average=1.770227759830477
Overall Average=1.7702277598304774
N;Total
10;15ms;
20;14ms;
50;13ms;
100;22ms;
200;50ms;
500;56ms;
1000;177ms;
Total time 347ms
