Fitness Average Tables
Size\H;0.2; 0.4; 0.6; 0.8;Total;
10;1689.5;1009.6;747.1;728.7;1043.725;
20;6285.2;3663.4;2834.0;2790.4;3893.25;
50;36542.1;20954.8;15961.9;16086.1;22386.225;
100;136994.2;80329.6;65012.2;66058.8;87098.7;
200;535719.4;311031.3;256980.0;260726.0;341114.175;
500;3319502.2;1905267.7;1591293.3;1629437.4;2111375.15;
1000;1.32381193E7;7621302.3;6235055.3;6332966.5;8356860.850000001;
Total;2467835.985714286;1420508.3857142855;1166840.5428571429;1186970.5571428572;


Differences Average Tables
Size\H;0.2; 0.4; 0.6; 0.8;Total;
10;0.5671210926958921;4.309232655292467;2.3297115935001393;2.186818909280686;2.3482210626922964;
20;-2.31804336317552;-0.6505663086569007;0.07641799368120974;2.303664439800074;-0.14713180958778416;
50;-2.822683504902119;-2.2153126373971235;0.09094823683585838;1.2628257080872765;-0.9210555493440269;
100;-2.996836959142243;-2.246044360451779;-0.016217448890251028;1.5014030461227044;-0.9394239305903922;
200;-1.4551141676663142;-1.3540724427585547;0.14122002960738808;1.6313676366265688;-0.25914973604772795;
500;-0.862719694674628;-0.6324439582506849;0.4223649082529602;2.8312788318474986;0.4396200217937865;
1000;-0.4550745847124616;-0.38962693195137676;0.5403931054596832;2.133137747320182;0.4572073340290067;
Total;-1.477621597368199;-0.4541191405962789;0.5121197740638556;1.9786423312978558;

Overall Average=0.13975534184930832
Overall Average=0.13975534184930832
N;Total
10;194ms;
20;196ms;
50;862ms;
100;1791ms;
200;6026ms;
500;38266ms;
1000;115401ms;
Total time 162736ms

---------------------------------------------------------------------------------------------
csv/saida_10_const.csv
csv/saida_20_const.csv
csv/saida_50_const.csv
csv/saida_100_const.csv
csv/saida_200_const.csv
csv/saida_500_const.csv
csv/saida_1000_const.csv

Fitness Average Tables
Size\H;0.2; 0.4; 0.6; 0.8;Total;
10;1689.5;1009.6;747.1;728.7;1043.725;
20;6285.2;3663.4;2834.0;2790.4;3893.25;
50;36542.1;20954.8;15961.9;16086.1;22386.225;
100;136994.2;80329.6;65012.2;66058.8;87098.7;
200;535719.4;311031.3;256980.0;260726.0;341114.175;
500;3319502.2;1905267.7;1591293.3;1629437.4;2111375.15;
1000;1.32381193E7;7621302.3;6235055.3;6332966.5;8356860.850000001;
Total;2467835.985714286;1420508.3857142855;1166840.5428571429;1186970.5571428572;


Differences Average Tables
Size\H;0.2; 0.4; 0.6; 0.8;Total;
10;-4.286720543295202;-2.370290218405925;-4.226235648955545;-1.8448751451155148;-3.1820303889430464;
20;-1.6496875432375506;-1.8247769195177064;-1.9200742478983206;-2.23089204890542;-1.9063576898897494;
50;-3.6160311726379097;-3.0516525092662237;-0.6797271077720384;-1.533631468789835;-2.2202605646165017;
100;-3.029868334686726;-2.169884233618706;-0.204332739987161;-0.6955529999412794;-1.524909577058468;
200;-1.7774537655345164;-1.3635807685233021;-0.2967573275947682;-0.5271158213100773;-0.9912269207406661;
500;-0.893160690455437;-0.6802855734329638;-0.229418356181893;-0.368367529577735;-0.5428080374120072;
1000;-0.5209425241827168;-0.4563589616635283;-0.2003108274624267;-0.1909684960526484;-0.34214520234033;
Total;-2.2534092248614366;-1.7024041692040508;-1.1081223222645933;-1.05591478709893;

Overall Average=-1.529962625857252
Overall Average=-1.5299626258572525
N;Total
10;73ms;
20;67ms;
50;327ms;
100;598ms;
200;2056ms;
500;13465ms;
1000;109583ms;
Total time 126169ms
